Wavelength=[1099.987061 1098.993896 1098 1097.005371 1096.01001 1095.013672 1093.987305 1092.989746 1091.991211 1090.991943 1089.991699 1088.990967 1087.989502 1086.987061 1086.013672 1085.009766 1084.005127 1083 1081.993896 1080.987061 1080.009033 1079.000732 1077.991699 1077.011719 1076.001221 1074.98999 1074.007568 1072.994873 1072.01123 1070.99707 1070.011719 1068.996094 1068.009521 1066.992432 1066.004395 1064.98584 1063.996582 1063.006592 1061.98584 1060.994141 1060.001953 1059.009277 1057.985352 1056.991211 1055.996094 1055.000488 1054.00415 1053.00708 1052.009277 1051.010986 1050.011719 1049.011963 1048.011475 1047.010254 1046.008545 1045.005859 1044.002686 1042.998779 1041.994141 1040.98877 1040.013428 1039.006836 1037.999512 1036.991455 1036.013428 1035.00415 1033.994141 1033.013916 1032.002686 1030.990479 1030.008545 1028.995361 1028.011963 1026.997314 1026.012695 1024.996582 1024.010864 1022.993469 1022.006348 1020.987671 1019.999268 1019.010193 1017.989502 1016.999268 1016.008362 1014.985779 1013.993469 1013.000732 1012.007202 1011.013062 1009.987305 1008.991821 1007.995911 1006.999268 1006.002075 1005.004333 1004.005737 1003.006714 1002.006897 1001.006714 1000.005676 999.0042114 998.0020142 996.9992676 995.9957275 994.9917603 993.9871216 993.0133057 992.0075073 991.0010376 989.9940186 988.9862671 988.0095215 987.0006714 985.9912109 985.0126953 984.0020142 982.9907837 982.010437 980.9980469 979.9849243 979.0029907 977.9887085 977.0054932 975.9900513 975.0058594 973.9890747 973.0036621 971.9859009 970.9993286 970.012146 968.9925537 968.0043335 967.0154419 965.9940796 965.0041504 964.0136108 962.9905396 961.9989624 961.0066528 960.0137939 958.9884033 957.9945679 957.0001221 956.0050049 955.0094604 954.0133057 952.9845581 951.9872437 950.989502 949.9911499 948.9921875 947.9927368 946.9928589 945.9921875 944.9911499 943.989502 942.9872437 941.9845581 941.0137329 940.0098877 939.0054932 938.0006714 936.9953003 935.9893188 935.0152588 934.0082397 933.0006104 931.9924927 930.9838257 930.0071411 928.9974976 927.9873047 927.0090332 925.9976807 924.9859009 924.0062256 922.9932861 922.0125122 920.9986572 919.9841919 919.0019531 917.9863281 917.0030518 915.9865112 915.0022583 913.9845581 912.9992676 912.0134277 910.9943237 910.0075684 908.9873047 907.9995728 907.0112305 905.989502 905.0002441 904.010498 902.9871826 901.99646 901.005249 900.0134888 898.9880981 897.9953003 897.0020752 896.0084229 895.0142212 893.9864502 892.991272 891.9954834 890.9993896 890.0027466 889.0056763 888.0080566 887.0100098 886.0114746 885.0123901 884.0128784 883.0130005 882.0123901 881.0114746 880.0100708 879.0080566 878.0057373 877.0028687 875.9995117 874.9957275 873.9914551 872.9867554 872.0150146 871.0093384 870.0031738 868.996582 867.9894409 867.0155029 866.0075073 864.9989014 863.9900513 863.0142822 862.0043335 860.9940186 860.0169678 859.0055542 857.9938965 857.0155029 856.0028687 854.9897461 854.0099487 852.9959106 852.0152588 851.0003662 849.9850464 849.0029907 847.9866333 847.0038452 845.9866333 845.0029907 843.9848022 843.0001831 842.0151367 840.9957275 840.0099487 838.9894409 838.0028076 837.015625 835.9940186 835.0059814 833.9833984 832.9945068 832.005188 831.0154419 829.9910889 829.0004883 828.0094604 826.9838867 825.9920654 824.9996948 824.0070801 823.013916 821.986084 820.9920654 819.9978027 819.0029907 818.0077515 817.012085 816.0160522 814.9852295 813.9883423 812.9911499 811.9934692 810.9953003 809.9967041 808.9978027 807.9984131 806.9987183 805.9985962 804.9979248 803.9970093 802.9956055 801.9937744 800.9915771 799.9890137 798.9859619 798.0171509 797.0133667 796.0092163 795.0045776 793.9995728 792.9941406 791.9882202 791.0168457 790.0101929 789.0032349 787.9957886 786.9880371 786.0145874 785.0060425 783.9970093 782.9876099 782.0126953 781.0025635 779.9919434 779.0159302 778.0045776 776.9929199 776.015625 775.0031128 773.9902954 773.0119019 771.99823 770.9841919 770.0047607 768.9899902 768.0097656 766.9942017 766.0133057 764.9968872 764.0153198 762.9981689 762.0157471 760.9979248 760.0147705 758.9962158 758.0123291 756.992981 756.0083618 754.9882202 754.0029297 753.0172729 751.9960327 751.0096436 749.9876099 749.0005493 748.0131226 746.9899292 746.0018311 745.0132446 743.9890747 742.9998169 742.0101318 740.9848633 739.9945679 739.0039063 738.0129395 736.986145 735.9943848 735.0023193 734.0099487 733.0171509 731.9885864 730.9951172 730.0013428 729.0071411 728.0126953 726.9822998 725.9870605 724.9915771 723.9956665 722.9995117 722.0028687 721.0060425 720.008728 719.0112305 718.0132446 717.0149536 716.0164185 715.017395 713.9824829 712.9828491 711.9828491 710.982605 710.0177002 709.0167236 708.0154419 707.0137939 706.0119019 705.0095825 704.006958 703.0040283 702.0007324 700.9971313 699.9931641 698.9888306 697.9842529 697.0151978 696.0099487 695.0044556 693.9985352 692.9922485 691.9856567 691.0147705 690.0075684 689 687.9921265 686.9839478 686.0114746 685.0026855 683.9934692 682.9840088 682.010376 681.0002441 679.9898071 679.0151978 678.0041504 676.9927979 676.0172119 675.005188 673.9928589 673.0164185 672.003479 670.9902344 670.0129395 668.9990234 667.9848022 667.0064697 665.9917603 665.0128174 663.9974365 663.0180054 662.0018921 660.9855957 660.005188 658.9882813 658.0072632 656.9897461 656.0082397 654.9900513 654.0079346 652.9890747 652.0064087 650.9869995 650.0037231 648.9837646 647.9998169 647.015686 645.994812 645.0100708 643.9885864 643.0032959 642.0177002 640.9953003 640.0091553 638.9862671 637.9993896 637.0124512 635.9885864 635.0010376 634.0131836 632.9884033 632 631.0112915 629.9856567 628.99646 628.006897 627.0170288 625.9902954 624.999939 624.0092773 622.9816895 621.9904785 620.9989624 620.0072632 619.0151978 617.986145 616.9935913 616.0007324 615.0076294 614.0142822 612.9837646 611.9898071 610.9956055 610.0012207 609.0064087 608.0114746 607.0161743 605.9837036 604.9879761 603.9918823 602.9954834 601.9989014 601.0020142 600.0048828 599.0074463 598.0098267 597.0119019 596.0136719 595.0152588 594.0165405 593.0175781 592.0183105 590.9818115 589.9820557 588.9820557 587.9818115 587.0183105 586.0175781 585.0164795 584.0151978 583.0136719 582.0118408 581.0097656 580.0075073 579.0048828 578.0020142 576.9989624 575.9956055 574.9920654 573.9881592 572.9841309 572.0169678 571.0123901 570.0075073 569.0024414 567.9971313 566.9915771 565.9857178 565.0169067 564.0105591 563.0040894 561.9971924 560.9901733 559.9828491 559.0126343 558.0048218 556.9968262 555.9885254 555.017395 554.008606 552.9996338 551.9903564 551.0182495 550.0085449 548.9986572 547.9884033 547.0154419 546.0046997 544.9938354 543.982666 543.0087891 541.9971313 540.9852905 540.0106201 538.9984131 537.9857788 537.010498 535.9974976 534.984314 534.0083618 532.9945679 532.0181885 531.0040283 529.989624 529.0125732 527.9977417 526.982605 526.0048828 524.9893799 524.0111694 522.9952393 522.0166626 521.0001831 519.9834595 519.0042725 517.9871216 517.0074463 515.9899292 515.0098267 513.9917603 513.0112305 511.9928589 511.0119324 509.9930115 509.0116272 507.9922791 507.0104675 505.9906921 505.0084839 503.9883118 503.0056458 501.9850769 501.0019226 500.0186768 498.9974365 498.0137634 496.9920959 496.0079651 494.9858704 494.0014038 493.0167236 491.993927 491.0088501 489.9856262 489.0001526 488.0144043 486.9906006 486.0045166 485.018158 483.9937439 483.006958 481.9821472 480.9950867 480.0077515 478.9822998 477.9945679 477.0066833 476.0186157 474.9922485 474.0037842 473.0151978 471.9881897 470.9991455 470.0099182 468.9824219 467.9927979 467.0029297 466.0128784 464.9846191 463.9942017 463.0036011 462.0128174 460.9836731 459.9924927 459.0011597 458.0095825 457.0178528 455.9878235 454.995697 454.0033569 453.0108948 452.01828 450.9872131 449.9942017 449.0009766 448.0075378 447.0140076 445.9819946 444.9879761 443.993866 442.9995728 442.0050354 441.0103455 440.0155029 438.9821777 437.986969 436.9915466 435.9960022 435.0002441 434.0042419 433.0081787 432.0118713 431.0154724 430.0187988 428.9837036 427.9866333 